6.869332751847331830e-02 -2.653732127692099430e-01
6.600080337998572022e-02 -2.765924903736336482e-01
6.580080035453655940e-02 -2.859040681828203811e-01
6.371415048389771074e-02 -2.917429587937911961e-01
6.371415048389771074e-02 -2.917429587937911961e-01
6.347670284187630074e-02 -2.799704392966368971e-01
6.281233100740796216e-02 -2.652468950689262916e-01
6.566275227125022151e-02 -2.466763718256709537e-01
6.769090457526948101e-02 -2.207335499935366985e-01
7.079396123967907073e-02 -1.904010337281507315e-01
7.351219961173627304e-02 -1.551571605618533300e-01
7.730534234418377781e-02 -1.155235929623042446e-01
8.251610182927941739e-02 -7.837202000076998187e-02
8.577705561904365450e-02 -4.068825809655233355e-02
8.891169170852414316e-02 -8.885492703400037912e-03
8.954328020994256621e-02 2.051948985192658323e-02
8.906838492589974621e-02 4.406452884623518473e-02
8.701797576385421340e-02 6.274031683972688955e-02
8.336047329873497169e-02 7.507660470463545233e-02
7.710518497034092589e-02 8.060436234841930614e-02
6.783571306124870637e-02 8.276469754422358105e-02
5.549942519634015053e-02 7.910719507910438097e-02
3.726108787031900960e-02 7.459584422909132373e-02
1.846950865156725061e-02 6.715452159856918901e-02
-4.774923850578102237e-03 5.784760507290472725e-02
-2.804040930277067883e-02 4.756052246206277090e-02
-5.323464750024746450e-02 3.878579487908164619e-02
-7.738556076240488135e-02 3.293051260158593591e-02
-1.018791864168200889e-01 3.394691939535672554e-02
-1.213772433701347381e-01 3.926880882219009605e-02
-1.377979578926094573e-01 5.089861895253575130e-02
-1.497447661816433129e-01 6.537418906320130452e-02
-1.586247585148608530e-01 8.566759683479030496e-02
-1.635209276572262560e-01 1.088172910617228317e-01
-1.620249642958903336e-01 1.328103071985256567e-01
-1.531988082457700073e-01 1.556652601247963119e-01
-1.390764770023859287e-01 1.739936744425078230e-01
-1.206276101758919916e-01 1.883066861442965201e-01
-9.539126607832061622e-02 1.990417458976326825e-01
-6.824722218551237951e-02 2.072842845379305465e-01
-3.682927508471244699e-02 2.090610053493614229e-01
-6.052358332374798561e-04 2.063217140272569361e-01
3.310522935515171350e-02 2.006945568247378853e-01
6.773270177857662611e-02 1.921058484166390246e-01
