-1.122807779466961781e-01 -1.697590045781637025e-01
-1.143348897748532877e-01 -1.653899122762723661e-01
-1.130209178635005474e-01 -1.580073753465578712e-01
-1.093190328936615857e-01 -1.476322316703779780e-01
-1.067119269523137681e-01 -1.318869871299253038e-01
-9.818212116210821294e-02 -1.179770566633738110e-01
-9.120592291886907288e-02 -1.001777002947639439e-01
-8.024652830746188681e-02 -8.523550444379450475e-02
-6.827570619299444532e-02 -7.174272673300281788e-02
-5.523094293139357847e-02 -6.263987920546026933e-02
-4.110181958198043384e-02 -5.841704720167861103e-02
-2.785909644748132616e-02 -5.862582114386139659e-02
-1.450176496551483854e-02 -6.422553383167461938e-02
-2.552175861010774240e-03 -7.279701538459557031e-02
8.531850909936975272e-03 -8.678027356450480900e-02
1.767637420019493866e-02 -1.017853781881530723e-01
2.535064146891738077e-02 -1.168217396338379899e-01
3.058490097575932570e-02 -1.324002811234289978e-01
3.283697267681469356e-02 -1.460809948950457238e-01
3.404636005277321409e-02 -1.568420345049488795e-01
3.372297776312303125e-02 -1.646938188938175396e-01
3.372297776312303125e-02 -1.646938188938175396e-01
3.372297776312303125e-02 -1.646938188938175396e-01
2.914550664765461901e-02 -1.569462239117374314e-01
2.836369096813482968e-02 -1.432342533180842314e-01
2.893752296268321464e-02 -1.241000871567639052e-01
3.032482258739364542e-02 -9.710371766589610820e-02
3.354743628600525412e-02 -6.418464832617058746e-02
3.711427015562481641e-02 -2.439396527860017427e-02
4.107741889964647980e-02 1.981790477425593791e-02
4.305938840026300729e-02 6.496826974542023458e-02
4.504135790087952784e-02 1.101186347165846457e-01
4.513591862420059803e-02 1.517967265414505162e-01
4.385399379209578563e-02 1.890327934796730835e-01
4.125809704863821203e-02 2.188863234881811837e-01
3.837007483756701282e-02 2.394178130862851250e-01
3.520034609956106120e-02 2.501371769334729267e-01
3.520034609956106120e-02 2.501371769334729267e-01
2.937141671681301608e-02 2.475617229427673482e-01
2.760903522766376336e-02 2.382084257103266045e-01
2.688933806361141349e-02 2.259354543161722906e-01
2.522072704057190529e-02 2.121713890191248009e-01
2.553329526093754687e-02 1.974688288037689254e-01
2.426099911230020917e-02 1.881259505120070341e-01
2.301995978569943216e-02 1.773128161987095608e-01
2.272783431808581348e-02 1.679907757883052632e-01
2.436479339048306519e-02 1.601806671621520684e-01
