-6.207780254861560570e-02 -7.817735987324619940e-02
-6.207780254861560570e-02 -7.817735987324619940e-02
-6.103313272794990557e-02 -7.338800871711446960e-02
-5.786378848069841097e-02 -6.805865525802273774e-02
-5.279637116362141669e-02 -5.862781972254559743e-02
-4.516874409906514870e-02 -5.126059142630741416e-02
-3.670538117797633032e-02 -4.006188220516378878e-02
-2.749308198979431156e-02 -3.002997717937974653e-02
-1.673951047270622397e-02 -1.983253798418223995e-02
-6.029338750337760212e-03 -1.213424134911704130e-02
5.760837577950797019e-03 -8.685293567223559968e-03
1.802994902185246773e-02 -5.340812767396637024e-03
2.679864787967577849e-02 -4.243140768849315222e-03
3.654288436135257750e-02 -7.873752739086761765e-03
4.405797943437705921e-02 -1.252330212789744615e-02
8.346547041990612370e-02 -9.637727240752826108e-02
7.628144368570856371e-02 -9.481026767652972476e-02
6.970655145128326624e-02 -8.585030224720047176e-02
6.178165345945776932e-02 -7.157865075140672217e-02
4.946760484713965539e-02 -4.982723896784296141e-02
3.975716577702052834e-02 -2.764029186338565897e-02
2.725991560266172870e-02 1.717422537357580006e-04
1.503266657978298559e-02 2.692143915756438008e-02
2.953284333690455940e-03 5.664921373713857622e-02
-6.774822129055883824e-03 8.335551084624752416e-02
-1.436058677258920252e-02 1.060824602536648842e-01
-2.082294701548272411e-02 1.270592033680429389e-01
-2.389742666382964342e-02 1.382659775986516959e-01
-2.328829216405742600e-02 1.456589382969824542e-01
-2.328829216405742600e-02 1.456589382969824542e-01
-1.647873356340648701e-02 1.446753356636636401e-01
